2.605926D-01
3.545530D-01
4.463792D-01
5.362011D-01
6.242481D-01
7.054671D-01
7.105573D-01
7.951863D-01
7.991856D-01
8.781373D-01
8.907779D-01
9.593824D-01
9.803737D-01
1.038911D+00
1.068203D+00
1.116738D+00
1.132558D+00
1.154301D+00
1.192863D+00
1.226023D+00
1.238725D+00
1.267284D+00
1.317366D+00
1.321475D+00
1.340007D+00
1.402522D+00
1.406722D+00
1.411038D+00
1.480367D+00
1.481867D+00
1.494317D+00
1.543136D+00
1.548018D+00
1.559497D+00
1.580189D+00
1.613977D+00
1.635437D+00
1.636345D+00
1.664393D+00
1.678248D+00
1.709673D+00
1.727442D+00
1.740828D+00
1.746927D+00
1.782215D+00
1.801711D+00
1.816556D+00
1.827764D+00
1.853062D+00
1.860890D+00
1.903915D+00
1.906894D+00
1.918331D+00
1.922235D+00
1.938057D+00
1.974045D+00
1.984312D+00
1.989570D+00
1.989701D+00
2.027973D+00
2.031033D+00
2.055460D+00
2.060072D+00
2.073551D+00
2.080075D+00
2.119562D+00
2.121903D+00
2.130297D+00
2.134102D+00
2.155866D+00
2.178552D+00
